0
125
425
925
1625
2525
3620
4920
6420
8120
10020
12120
14415
16915
19615
22515
25615
28915
32415
36110
40010
44110
48410
52910
57610
62510
67610
72910
78410
84110
90010
96105
102405
108905
115605
122505
129605
136905
144405
152105
160005
168105
176405
184900
193600
202500
211600
220900
230400
240100
250000
260100
270400
280900
291600
302500
313600
324800
336300
348000
360000
372100
384400
396900
409600
422500
435600
448900
462400
476100
490000
504100
518400
532900
547600
562500
577600
592900
608400
624100
640000
656100
672400
688900
705600
722500
739600
756900
774400
792100
810000
828100
846400
864900
883600
902500
921600
940900
960400
980100
1000000